     0/299     8.59G    0.1212   0.02948         0    0.1506        81       640  0.001944    0.4667  0.002232 0.0002734    0.1054   0.02349         0
     1/299     7.31G    0.1229   0.02845         0    0.1513        82       640  0.001944    0.4667  0.002232 0.0002292    0.1054   0.02349         0
     2/299     7.31G    0.1245   0.02849         0     0.153        83       640  0.002222    0.5333  0.002503 0.0003005    0.1053   0.02333         0
     3/299     7.33G      0.12   0.02857         0    0.1486        76       640  0.001944    0.4667  0.002322 0.0003051    0.1048   0.02311         0
     4/299     7.33G    0.1218   0.02848         0    0.1503        86       640  0.001944    0.4667  0.002322 0.0003862    0.1043   0.02287         0
     5/299     7.33G    0.1231   0.02871         0    0.1518        93       640  0.002222    0.5333  0.002522 0.0004216    0.1038    0.0226         0
     6/299     7.33G    0.1218   0.02672         0    0.1485        72       640  0.002222    0.5333  0.002522 0.0004462    0.1033   0.02231         0
     7/299     7.33G    0.1196   0.02704         0    0.1466        71       640  0.002222    0.5333  0.002522 0.0005325    0.1027   0.02203         0
     8/299     7.33G    0.1173   0.02626         0    0.1436        68       640  0.001944    0.4667  0.002069 0.0004872    0.1021   0.02177         0
     9/299     7.33G    0.1187   0.02552         0    0.1442        65       640  0.001944    0.4667   0.00132 0.0002384    0.1015   0.02148         0
    10/299     7.33G    0.1208   0.02775         0    0.1486        90       640  0.001944    0.4667  0.002069 0.0004511     0.101    0.0212         0
    11/299     7.33G    0.1207   0.02576         0    0.1464        83       640  0.001944    0.4667  0.002069 0.0004511    0.1006   0.02093         0
    12/299     7.33G    0.1165   0.02778         0    0.1442        84       640  0.001944    0.4667  0.002069 0.0005639    0.1002   0.02066         0
    13/299     7.33G    0.1207    0.0261         0    0.1468        87       640  0.001944    0.4667  0.002069 0.0005639   0.09987    0.0204         0
    14/299     7.33G     0.112   0.02545         0    0.1374        65       640  0.001944    0.4667  0.001318 0.0002937   0.09948   0.02015         0
    15/299     7.33G    0.1173   0.02448         0    0.1418        75       640  0.002222    0.5333  0.002294  0.000519   0.09898   0.01993         0
    16/299     7.33G    0.1128   0.02725         0      0.14        89       640  0.002222    0.5333  0.002294 0.0004918   0.09861   0.01973         0
    17/299     7.33G    0.1129   0.02575         0    0.1386        79       640  0.001944    0.4667   0.00114 0.0001969   0.09829   0.01951         0
    18/299     7.33G     0.118   0.02448         0    0.1425        88       640  0.001944    0.4667  0.001905 0.0002964   0.09796   0.01932         0
    19/299     7.33G    0.1151   0.02311         0    0.1382        70       640  0.001944    0.4667  0.001905 0.0002758   0.09749   0.01917         0
    20/299     7.33G    0.1162   0.02293         0    0.1391        74       640  0.001944    0.4667  0.001135 0.0001312   0.09713   0.01898         0
    21/299     7.33G    0.1114   0.02634         0    0.1377        81       640  0.001944    0.4667  0.001676 0.0002121   0.09674   0.01884         0
    22/299     7.33G    0.1069   0.02316         0    0.1301        61       640  0.001944    0.4667  0.001905 0.0002437   0.09616   0.01873         0
    23/299     7.33G    0.1088    0.0274         0    0.1362        84       640  0.001944    0.4667  0.001905 0.0002437   0.09563   0.01863         0
    24/299     7.33G    0.1114   0.02583         0    0.1373        83       640  0.001944    0.4667  0.001135 0.0001312   0.09526   0.01851         0
    25/299     7.33G    0.1081   0.02327         0    0.1314        67       640  0.001667       0.4  0.000841 0.0001016   0.09482    0.0184         0
    26/299     7.33G    0.1093   0.02826         0    0.1376        94       640  0.001944    0.4667   0.00184 0.0002364   0.09439   0.01831         0
    27/299     7.33G    0.1068   0.02377         0    0.1306        71       640  0.001944    0.4667  0.001905 0.0002437   0.09401   0.01821         0
    28/299     7.33G    0.1062   0.02901         0    0.1352        97       640  0.001944    0.4667  0.001135 0.0001312   0.09359   0.01813         0
    29/299     7.33G    0.1068   0.02417         0    0.1309        76       640  0.001944    0.4667  0.001135 0.0001608   0.09329   0.01804         0
    30/299     7.33G    0.1042   0.02502         0    0.1292        76       640  0.001944    0.4667  0.001145 0.0001619   0.09295   0.01795         0
    31/299     7.33G   0.09836   0.02402         0    0.1224        61       640  0.001944    0.4667  0.001737 0.0002183    0.0926   0.01788         0
    32/299     7.33G    0.1036   0.02535         0    0.1289        75       640  0.001944    0.4667   0.00184 0.0002634   0.09243    0.0178         0
    33/299     7.33G    0.1007   0.02542         0    0.1262        71       640  0.001944    0.4667  0.001135 0.0001608   0.09209   0.01772         0
    34/299     7.33G    0.1008    0.0286         0    0.1294        89       640  0.001944    0.4667  0.001135 0.0001608   0.09186   0.01765         0
    35/299     7.33G    0.1007    0.0282         0    0.1289        85       640  0.001667       0.4 0.0008336 0.0001269   0.09174   0.01757         0
    36/299     7.33G    0.1008   0.02601         0    0.1268        81       640  0.001389    0.3333 0.0006348 8.098e-05   0.09161   0.01749         0
    37/299     7.33G   0.09962   0.02893         0    0.1285        92       640  0.001389    0.3333 0.0006348 8.098e-05   0.09153   0.01741         0
    38/299     7.33G    0.1024   0.02555         0     0.128        82       640  0.001389    0.3333 0.0006348 8.098e-05   0.09157    0.0173         0
    39/299     7.33G   0.09984   0.02984         0    0.1297        89       640  0.001389    0.3333 0.0006017 7.597e-05   0.09166    0.0172         0
    40/299     7.33G    0.1026   0.02263         0    0.1252        66       640  0.001389    0.3333 0.0006332 7.959e-05   0.09161   0.01712         0
    41/299     7.33G    0.1024   0.02489         0    0.1273        83       640  0.001389    0.3333 0.0006332 8.101e-05   0.09146   0.01706         0
    42/299     7.33G   0.09766    0.0295         0    0.1272        99       640  0.001389    0.3333 0.0006332 8.101e-05   0.09145   0.01698         0
    43/299     7.33G   0.09579   0.02566         0    0.1215        68       640  0.001389    0.3333 0.0006348 8.092e-05   0.09147    0.0169         0
    44/299     7.33G   0.09838   0.03151         0    0.1299        98       640  0.001389    0.3333 0.0006348 8.098e-05   0.09161   0.01681         0
    45/299     7.33G   0.09986   0.02073         0    0.1206        57       640  0.001389    0.3333 0.0004736 5.584e-05   0.09149   0.01675         0
    46/299     7.33G   0.09569   0.02848         0    0.1242        77       640  0.001389    0.3333 0.0006332 0.0001069   0.09153   0.01667         0
    47/299     7.33G   0.09675   0.02617         0    0.1229        75       640  0.001389    0.3333 0.0006332 0.0001088   0.09141   0.01662         0
    48/299     7.33G     0.101   0.02465         0    0.1256        78       640  0.001667       0.4 0.0009433  0.000149   0.09125   0.01659         0
    49/299     7.33G   0.09687    0.0237         0    0.1206        66       640  0.001944    0.4667  0.001135 0.0001682   0.09111   0.01655         0
    50/299     7.33G   0.09886   0.02913         0     0.128        92       640  0.001944    0.4667  0.001135 0.0001682   0.09106   0.01649         0
    51/299     7.33G   0.09795    0.0281         0     0.126        83       640  0.001944    0.4667  0.001135 0.0001719   0.09097   0.01644         0
    52/299     7.33G   0.09241   0.02737         0    0.1198        74       640  0.001944    0.4667 0.0009617 0.0001359   0.09108   0.01637         0
    53/299     7.33G   0.09237   0.03004         0    0.1224        84       640  0.001944    0.4667  0.001062  0.000122    0.0912    0.0163         0
    54/299     7.33G   0.09481   0.02338         0    0.1182        62       640  0.001944    0.4667  0.001135 0.0001309   0.09121   0.01624         0
    55/299     7.33G   0.09202   0.02725         0    0.1193        72       640  0.001944    0.4667  0.001135 0.0001349   0.09109   0.01621         0
    56/299     7.33G   0.09537   0.02566         0     0.121        73       640  0.001944    0.4667  0.001135 0.0001349   0.09117   0.01614         0
    57/299     7.33G   0.09884   0.02185         0    0.1207        70       640  0.001944    0.4667  0.001135 0.0001385   0.09109   0.01611         0
    58/299     7.33G   0.09389   0.02496         0    0.1188        69       640  0.001944    0.4667  0.001135 0.0001385   0.09099   0.01607         0
    59/299     7.33G   0.09248   0.02918         0    0.1217        81       640  0.001944    0.4667  0.001135 0.0001344   0.09106   0.01602         0
    60/299     7.33G   0.09384   0.02643         0    0.1203        75       640  0.001944    0.4667 0.0009622 0.0001051   0.09107   0.01597         0
    61/299     7.33G   0.09929   0.02555         0    0.1248        84       640  0.001944    0.4667  0.001126 0.0001288   0.09114   0.01591         0
    62/299     7.33G   0.09181   0.02706         0    0.1189        75       640  0.001944    0.4667  0.001135 0.0001298   0.09124   0.01585         0
    63/299     7.33G   0.09368   0.02692         0    0.1206        82       640  0.001667       0.4 0.0008336 9.964e-05   0.09145   0.01577         0
    64/299     7.33G   0.09599   0.02675         0    0.1227        83       640  0.001389    0.3333 0.0006332 7.959e-05   0.09163    0.0157         0
    65/299     7.33G   0.09852   0.02711         0    0.1256        86       640  0.001389    0.3333 0.0006332 8.921e-05   0.09198   0.01561         0
    66/299     7.33G   0.09789   0.02513         0     0.123        83       640  0.001389    0.3333 0.0006332 7.234e-05   0.09196   0.01557         0
    67/299     7.33G   0.09269     0.023         0    0.1157        64       640  0.001389    0.3333 0.0006332 9.101e-05   0.09203   0.01552         0
    68/299     7.33G   0.09606   0.02572         0    0.1218        78       640  0.001389    0.3333 0.0004725 6.478e-05   0.09216   0.01546         0
    69/299     7.33G   0.09176   0.02845         0    0.1202        77       640  0.001389    0.3333 0.0004839 6.801e-05   0.09233    0.0154         0
    70/299     7.33G   0.09229   0.02311         0    0.1154        62       640  0.001389    0.3333 0.0006286 9.312e-05   0.09222   0.01538         0
    71/299     7.33G   0.09437   0.02134         0    0.1157        58       640  0.001389    0.3333 0.0006332 9.463e-05   0.09206   0.01537         0
    72/299     7.33G   0.09544   0.02472         0    0.1202        81       640  0.001667       0.4 0.0008336 0.0001043   0.09175   0.01538         0
    73/299     7.33G   0.09347   0.02254         0     0.116        67       640  0.001944    0.4667  0.001135 0.0001344   0.09143    0.0154         0
    74/299     7.33G   0.09334   0.02314         0    0.1165        65       640  0.001944    0.4667  0.001135 0.0001344   0.09127   0.01539         0
    75/299     7.33G   0.09865   0.02822         0    0.1269        98       640  0.001389    0.3333 0.0004799 5.002e-05   0.09134   0.01535         0
    76/299     7.33G   0.09414   0.02526         0    0.1194        83       640  0.001944    0.4667  0.001041 0.0001199   0.09136    0.0153         0
    77/299     7.33G   0.09224     0.022         0    0.1142        61       640  0.001944    0.4667  0.001134 0.0001736   0.09117   0.01531         0
    78/299     7.33G   0.09307   0.02892         0     0.122        90       640  0.001944    0.4667  0.001135  0.000192   0.09111   0.01529         0
    79/299     7.33G   0.09451   0.02351         0     0.118        71       640  0.001944    0.4667  0.001135 0.0001934   0.09117   0.01525         0
    80/299     7.33G   0.09465    0.0259         0    0.1205        80       640  0.001944    0.4667  0.001157 0.0001812   0.09117   0.01522         0
    81/299     7.33G   0.09204   0.03001         0    0.1221        93       640  0.001944    0.4667  0.001158 0.0001802    0.0912   0.01519         0
    82/299     7.33G   0.09566   0.02731         0     0.123        88       640  0.001944    0.4667 0.0009611 0.0001352   0.09128   0.01515         0
    83/299     7.33G   0.09366   0.02783         0    0.1215        88       640  0.001944    0.4667 0.0009478 0.0001343    0.0912   0.01514         0
    84/299     7.33G   0.09355   0.02649         0      0.12        82       640  0.001944    0.4667  0.001126 0.0001761   0.09117   0.01512         0
    85/299     7.33G   0.09396   0.02863         0    0.1226        89       640  0.001944    0.4667  0.001134 0.0001336   0.09119    0.0151         0
    86/299     7.33G   0.09335   0.02651         0    0.1199        86       640  0.001944    0.4667  0.001126  0.000161   0.09133   0.01505         0
    87/299     7.33G   0.09392   0.02367         0    0.1176        68       640  0.001944    0.4667  0.001158 0.0001366   0.09141   0.01501         0
    88/299     7.33G    0.0919   0.02614         0     0.118        76       640  0.001944    0.4667  0.001158 0.0001366   0.09132     0.015         0
    89/299     7.33G   0.09253   0.02467         0    0.1172        71       640  0.001944    0.4667  0.001158 0.0001624   0.09131   0.01498         0
    90/299     7.33G   0.09292   0.02797         0    0.1209        86       640  0.001667       0.4 0.0006884 7.087e-05   0.09146   0.01494         0
    91/299     7.33G   0.09247   0.02661         0    0.1191        78       640  0.001667       0.4 0.0007064  0.000101   0.09164   0.01488         0
    92/299     7.33G   0.09242   0.02602         0    0.1184        74       640  0.001667       0.4 0.0007076 0.0001013   0.09175   0.01484         0
    93/299     7.33G   0.09706   0.03462         0    0.1317       119       640  0.001389    0.3333 0.0004897 8.043e-05   0.09201   0.01478         0
    94/299     7.33G   0.09492   0.02405         0     0.119        74       640  0.001389    0.3333 0.0006333 0.0001067   0.09218   0.01473         0
    95/299     7.33G   0.09338   0.02409         0    0.1175        74       640  0.001667       0.4 0.0008303 0.0001283   0.09216   0.01472         0
    96/299     7.33G   0.09167   0.02796         0    0.1196        84       640  0.001667       0.4 0.0008305 0.0001284    0.0921   0.01471         0
    97/299     7.33G   0.09358   0.02335         0    0.1169        73       640  0.001667       0.4 0.0008732 0.0001422   0.09211   0.01469         0
    98/299     7.33G   0.09385   0.02536         0    0.1192        77       640  0.001389    0.3333 0.0005536 8.495e-05   0.09207   0.01467         0
    99/299     7.33G   0.09408   0.02633         0    0.1204        82       640  0.001667       0.4 0.0007516 0.0001038   0.09213   0.01465         0
   100/299     7.33G   0.09026   0.02651         0    0.1168        74       640  0.001667       0.4 0.0007819 0.0001076   0.09218   0.01462         0
   101/299     7.33G    0.0905   0.02519         0    0.1157        72       640  0.001667       0.4  0.000793 0.0001091    0.0921   0.01462         0
   102/299     7.33G   0.09483     0.026         0    0.1208        78       640  0.001667       0.4 0.0008008 0.0001133   0.09215    0.0146         0
   103/299     7.33G   0.09608   0.03103         0    0.1271       100       640  0.001667       0.4 0.0008365 0.0001174   0.09237   0.01454         0
   104/299     7.33G   0.09075   0.02801         0    0.1188        82       640  0.001667       0.4  0.000841 0.0001155   0.09252    0.0145         0
   105/299     7.33G   0.09083   0.02912         0      0.12        84       640  0.001389    0.3333 0.0006472 0.0001911   0.09263   0.01447         0
   106/299     7.33G     0.096   0.02261         0    0.1186        69       640  0.001667       0.4 0.0007321 0.0001073   0.09252   0.01447         0
   107/299     7.33G   0.09573   0.02463         0    0.1204        73       640  0.001667       0.4 0.0008119 0.0001211   0.09242   0.01447         0
   108/299     7.33G   0.09599   0.02709         0    0.1231        86       640  0.001667       0.4 0.0008288 0.0002222   0.09255   0.01443         0
   109/299     7.33G   0.09487   0.02359         0    0.1185        76       640  0.001667       0.4  0.001083 0.0002391   0.09235   0.01444         0
   110/299     7.33G   0.09392   0.02433         0    0.1183        79       640  0.001944    0.4667  0.001166 0.0002844   0.09215   0.01446         0
   111/299     7.33G   0.09016   0.02723         0    0.1174        78       640  0.001944    0.4667   0.00116 0.0002515   0.09211   0.01445         0
   112/299     7.33G   0.09065   0.02808         0    0.1187        80       640  0.001944    0.4667  0.001424 0.0001959   0.09212   0.01444         0
   113/299     7.33G   0.09084   0.02504         0    0.1159        70       640  0.001944    0.4667   0.00151  0.000381   0.09208   0.01443         0
   114/299     7.33G   0.09114   0.03198         0    0.1231        96       640  0.001944    0.4667  0.001554 0.0002562    0.0921   0.01442         0
   115/299     7.33G   0.09303   0.02271         0    0.1157        74       640  0.001944    0.4667  0.001506 0.0003739   0.09189   0.01443         0
   116/299     7.33G   0.09089   0.02775         0    0.1186        78       640  0.001944    0.4667  0.001496 0.0002972   0.09203    0.0144         0
   117/299     7.33G    0.0958     0.027         0    0.1228        92       640  0.001667       0.4  0.001094 0.0003054   0.09217   0.01436         0
   118/299     7.33G   0.08981   0.02707         0    0.1169        72       640  0.002341       0.2  0.001035 0.0003427   0.09217   0.01435         0
   119/299     7.33G   0.09559   0.03217         0    0.1278       111       640  0.002184       0.2  0.001367 0.0005425   0.09227   0.01433         0
   120/299     7.33G   0.08781   0.02354         0    0.1113        61       640  0.002955       0.2  0.001201 0.0003876   0.09224   0.01432         0
   121/299     7.33G   0.09297   0.02387         0    0.1168        71       640  0.003536       0.2  0.001878   0.00062   0.09196   0.01436         0
   122/299     7.33G   0.09397   0.02403         0     0.118        67       640  0.002467    0.1333  0.002754 0.0008138   0.09196   0.01435         0
   123/299     7.33G   0.09295    0.0285         0    0.1215        88       640  0.002934       0.2  0.002306  0.000751   0.09198   0.01433         0
   124/299     7.33G   0.08962   0.02757         0    0.1172        73       640  0.003514       0.2  0.002364 0.0006962   0.09198   0.01432         0
   125/299     7.33G   0.09493   0.02704         0     0.122        88       640  0.006417       0.2  0.002534  0.001045   0.09199   0.01431         0
   126/299     7.33G   0.09114   0.02916         0    0.1203        87       640  0.004947       0.2  0.003719  0.001859   0.09196   0.01431         0
   127/299     7.33G   0.08754    0.0234         0    0.1109        57       640  0.005894       0.2  0.002823  0.001175   0.09209   0.01427         0
   128/299     7.33G   0.09176   0.02538         0    0.1171        74       640  0.006316       0.2  0.005005  0.002273   0.09206   0.01427         0
   129/299     7.33G   0.09255   0.02478         0    0.1173        79       640  0.006186       0.2  0.006131  0.002606   0.09194   0.01428         0
   130/299     7.33G   0.09058   0.02809         0    0.1187        79       640  0.005958       0.2  0.007504  0.003207   0.09184   0.01429         0
   131/299     7.33G   0.09514   0.02108         0    0.1162        63       640  0.007264       0.2  0.004674  0.002034   0.09175   0.01429         0
   132/299     7.33G   0.09087    0.0263         0    0.1172        78       640  0.005781    0.1333   0.00402  0.001706   0.09156   0.01431         0
   133/299     7.33G   0.09462    0.0234         0     0.118        74       640  0.005798    0.1333  0.002552 0.0009223   0.09139   0.01433         0
   134/299     7.33G   0.09351   0.02359         0    0.1171        73       640  0.006945    0.1333  0.002739 0.0009575   0.09117   0.01435         0
   135/299     7.33G   0.09331   0.02662         0    0.1199        84       640  0.008566    0.1333  0.002656  0.000619   0.09106   0.01436         0
   136/299     7.33G    0.0944   0.02776         0    0.1222        91       640  0.006212    0.1333  0.001984 0.0003475   0.09112   0.01434         0
   137/299     7.33G   0.09302    0.0291         0    0.1221        95       640  0.008164    0.1333  0.001807 0.0005286   0.09125    0.0143         0
   138/299     7.33G   0.09043   0.02667         0    0.1171        74       640  0.008949    0.1333  0.002077 0.0002904   0.09162   0.01422         0
   139/299     7.33G   0.09322   0.02765         0    0.1209        85       640  0.003884   0.06667  0.001083  0.000316    0.0919   0.01416         0
   140/299     7.33G    0.0929   0.02738         0    0.1203        87       640  0.004367   0.06667  0.001118 0.0003519   0.09211   0.01411         0
   141/299     7.33G   0.09655   0.02328         0    0.1198        71       640  0.005683   0.06667  0.000767  0.000262   0.09247   0.01404         0
   142/299     7.33G   0.09266   0.02501         0    0.1177        73       640 0.0008333       0.2 0.0006318 0.0002115   0.09248   0.01402         0
   143/299     7.33G   0.09108   0.02347         0    0.1146        67       640 0.0008333       0.2 0.0004887 0.0001671   0.09248   0.01402         0
   144/299     7.33G   0.09241   0.02545         0    0.1179        75       640 0.0008333       0.2 0.0003417 0.0001094    0.0925     0.014         0
   145/299     7.33G   0.09481   0.02841         0    0.1232        95       640 0.0008333       0.2 0.0007213 0.0001021   0.09266   0.01396         0
   146/299     7.33G   0.08978   0.02361         0    0.1134        68       640 0.0008333       0.2 0.0006053 0.0001204   0.09243   0.01399         0
   147/299     7.33G   0.09036   0.02422         0    0.1146        66       640 0.0008333       0.2 0.0005091 0.0002031   0.09233     0.014         0
   148/299     7.33G   0.09094   0.02897         0    0.1199        83       640 0.0008333       0.2 0.0006497 0.0002793   0.09236   0.01399         0
   149/299     7.33G   0.08962   0.02476         0    0.1144        71       640  0.001389    0.3333  0.000878 0.0003272   0.09212   0.01402         0
   150/299     7.33G    0.0917   0.02864         0    0.1203        89       640  0.001389    0.3333 0.0008001 0.0002684   0.09188   0.01406         0
   151/299     7.33G   0.09307   0.02506         0    0.1181        77       640  0.001389    0.3333 0.0009922 0.0003329   0.09176   0.01407         0
   152/299     7.33G   0.09369   0.02798         0    0.1217        92       640  0.001667       0.4  0.001206 0.0003642   0.09167   0.01407         0
   153/299     7.33G     0.095    0.0283         0    0.1233        91       640  0.001667       0.4   0.00138 0.0004241   0.09151   0.01409         0
   154/299     7.33G   0.09447   0.02705         0    0.1215        89       640  0.002222    0.5333  0.002116 0.0004759   0.09147   0.01409         0
   155/299     7.33G   0.09038   0.02775         0    0.1181        77       640  0.003237   0.06667  0.001589 0.0004388    0.0917   0.01403         0
   156/299     7.33G   0.09177   0.02268         0    0.1145        64       640  0.003402   0.06667  0.001537 0.0004897   0.09194   0.01398         0
   157/299     7.33G   0.08858    0.0216         0    0.1102        59       640  0.007605    0.1333  0.002594 0.0007053   0.09164   0.01402         0
   158/299     7.33G   0.09087   0.02172         0    0.1126        63       640  0.007118    0.1333  0.002359  0.000671   0.09127   0.01408         0
   159/299     7.33G   0.09131   0.02962         0    0.1209        88       640  0.007043    0.1333  0.002113 0.0007842   0.09123   0.01408         0
   160/299     7.33G   0.09066      0.03         0    0.1207        88       640  0.001667       0.4  0.001822 0.0007393   0.09136   0.01405         0
   161/299     7.33G   0.09011   0.02364         0    0.1137        65       640  0.001389    0.3333  0.001158 0.0004329   0.09149   0.01403         0
   162/299     7.33G   0.08811    0.0227         0    0.1108        58       640  0.003155   0.06667 0.0007525 0.0003011   0.09134   0.01406         0
   163/299     7.33G   0.09123   0.02488         0    0.1161        73       640  0.001389    0.3333 0.0007976 0.0003249   0.09133   0.01405         0
   164/299     7.33G   0.09521   0.01935         0    0.1146        61       640  0.001111    0.2667 0.0005709    0.0002   0.09109   0.01408         0
   165/299     7.33G   0.08888   0.02997         0    0.1189        83       640  0.001667       0.4 0.0008891 0.0001794     0.091   0.01408         0
   166/299     7.33G   0.08883   0.02687         0    0.1157        75       640  0.001944    0.4667 0.0009815 0.0001712   0.09075   0.01413         0
   167/299     7.33G   0.08779   0.02798         0    0.1158        79       640  0.001667       0.4 0.0009979 0.0001577   0.09065   0.01413         0
   168/299     7.33G   0.09209   0.02288         0     0.115        69       640  0.001667       0.4 0.0009151 0.0001546    0.0906   0.01412         0
   169/299     7.33G   0.08936    0.0239         0    0.1133        65       640  0.001944    0.4667  0.001467 0.0003183   0.09053   0.01413         0
   170/299     7.33G   0.09227   0.03131         0    0.1236        94       640  0.001944    0.4667  0.001383 0.0002899   0.09058   0.01412         0
   171/299     7.33G   0.08638    0.0218         0    0.1082        57       640  0.001389    0.3333 0.0006201 0.0001166   0.09049   0.01414         0
   172/299     7.33G   0.09533   0.02636         0    0.1217        85       640  0.001389    0.3333 0.0007331 0.0001384   0.09064   0.01411         0
   173/299     7.33G   0.09105   0.02235         0    0.1134        66       640  0.001389    0.3333 0.0005922 0.0001082   0.09069    0.0141         0
   174/299     7.33G   0.09007   0.02539         0    0.1155        68       640  0.001111    0.2667  0.000361 5.512e-05   0.09056   0.01412         0
   175/299     7.33G   0.08594   0.02629         0    0.1122        69       640  0.001389    0.3333 0.0005521 9.406e-05   0.09059    0.0141         0
   176/299     7.33G   0.08815   0.02971         0    0.1179        83       640  0.001111    0.2667 0.0003922 4.312e-05   0.09047   0.01411         0
   177/299     7.33G   0.08853   0.02386         0    0.1124        68       640 0.0008333       0.2 0.0002261 2.538e-05   0.09023   0.01414         0
   178/299     7.33G   0.09221   0.02613         0    0.1183        80       640  0.001113    0.2667 0.0003029 3.999e-05   0.09038   0.01411         0
   179/299     7.33G   0.08918   0.02884         0     0.118        86       640  0.001113    0.2667 0.0003059 4.617e-05    0.0905   0.01407         0
   180/299     7.33G   0.09212   0.02348         0    0.1156        72       640  0.001392    0.3333 0.0004964 9.636e-05   0.09049   0.01406         0
   181/299     7.33G   0.09052   0.02556         0    0.1161        77       640  0.001674       0.4 0.0008075 0.0001529   0.09058   0.01403         0
   182/299     7.33G   0.08702   0.02009         0    0.1071        52       640  0.001393    0.3333  0.001687  0.000206    0.0903   0.01407         0
   183/299     7.33G   0.08803   0.02209         0    0.1101        62       640  0.005759   0.06667 0.0009093 0.0001591   0.08981   0.01415         0
   184/299     7.33G   0.09203   0.02386         0    0.1159        73       640  0.005748   0.06667  0.001123 0.0001403   0.08939   0.01421         0
   185/299     7.33G   0.09181   0.02679         0    0.1186        80       640  0.001944    0.4667  0.001381 0.0001792   0.08912   0.01426         0
   186/299     7.33G   0.09257   0.02765         0    0.1202        86       640  0.001944    0.4667  0.001227 0.0001738   0.08907   0.01426         0
   187/299     7.33G   0.09623   0.02635         0    0.1226        92       640  0.001667       0.4  0.001324 0.0002021   0.08934   0.01419         0
   188/299     7.33G   0.09049     0.027         0    0.1175        76       640  0.001667       0.4  0.001195 0.0002145   0.08928    0.0142         0
   189/299     7.33G   0.09119   0.02425         0    0.1154        74       640  0.004256   0.06667  0.001402    0.0002   0.08867   0.01429         0
   190/299     7.33G   0.08945    0.0236         0     0.113        69       640  0.001667       0.4  0.001167 0.0001724   0.08834   0.01433         0
   191/299     7.33G   0.09103   0.03087         0    0.1219        98       640  0.001397    0.3333 0.0006305 0.0001445    0.0888   0.01425         0
   192/299     7.33G   0.08992   0.02466         0    0.1146        74       640   0.00171       0.4 0.0008723 0.0002091   0.08911   0.01419         0
   193/299     7.33G   0.08858   0.02478         0    0.1134        70       640  0.005236   0.06667  0.001919 0.0005425   0.08937   0.01414         0
   194/299     7.33G   0.09264   0.02488         0    0.1175        73       640  0.005334   0.06667  0.001868 0.0004274   0.08915   0.01419         0
   195/299     7.33G   0.09277   0.03338         0    0.1261       110       640  0.005815   0.06667  0.001969 0.0008624   0.08933   0.01415         0
   196/299     7.33G   0.08957   0.02599         0    0.1156        71       640  0.001746       0.4  0.001545 0.0004468   0.08965   0.01408         0
   197/299     7.33G   0.08619   0.02389         0    0.1101        65       640  0.007182   0.06667 0.0008856 0.0003055    0.0897   0.01406         0
   198/299     7.33G   0.08972   0.02267         0    0.1124        67       640  0.006897   0.06667  0.001554 0.0002119    0.0898   0.01403         0
   199/299     7.33G   0.09115    0.0314         0    0.1225       100       640 0.0008333       0.2 0.0001751 4.116e-05   0.08982   0.01399         0
   200/299     7.33G    0.0933   0.02703         0    0.1203        83       640 0.0008333       0.2 0.0001757 3.747e-05   0.08938   0.01409         0
   201/299     7.33G   0.08655   0.02316         0    0.1097        66       640  0.001111    0.2667 0.0003097 7.592e-05   0.08979   0.01401         0
   202/299     7.33G   0.09069   0.02688         0    0.1176        80       640  0.001111    0.2667 0.0004986 0.0001786   0.08962   0.01404         0
   203/299     7.33G   0.08858   0.02587         0    0.1145        76       640  0.001389    0.3333 0.0006899    0.0001    0.0891   0.01414         0
   204/299     7.33G   0.08971   0.02267         0    0.1124        72       640  0.001111    0.2667 0.0004016 7.719e-05   0.08913   0.01414         0
   205/299     7.33G   0.09096   0.02199         0     0.113        66       640  0.001389    0.3333 0.0004858 0.0001327   0.08858   0.01423         0
   206/299     7.33G   0.08689    0.0237         0    0.1106        62       640  0.001944    0.4667 0.0009467 0.0001324   0.08832   0.01428         0
   207/299     7.33G    0.0868   0.02818         0     0.115        78       640  0.001944    0.4667  0.001145 0.0001281   0.08814    0.0143         0
   208/299     7.33G   0.09075   0.03211         0    0.1229        99       640  0.001944    0.4667  0.001361 0.0001534   0.08812   0.01429         0
   209/299     7.33G   0.08729      0.03         0    0.1173        85       640  0.002303    0.5333  0.001549  0.000306    0.0877   0.01435         0
   210/299     7.33G   0.08765   0.02347         0    0.1111        63       640  0.002222    0.5333  0.001857 0.0002688   0.08725   0.01443         0
   211/299     7.33G   0.08894   0.03185         0    0.1208       101       640  0.002268    0.5333  0.002235 0.0003072   0.08695   0.01448         0
   212/299     7.33G   0.08591    0.0235         0    0.1094        66       640    0.0025       0.6  0.002134 0.0004229    0.0864   0.01457         0
   213/299     7.33G   0.08868   0.02638         0    0.1151        79       640  0.007408   0.06667  0.002793 0.0004943   0.08621   0.01459         0
   214/299     7.33G   0.08446   0.02008         0    0.1045        48       640   0.01539    0.1333  0.003716 0.0005298   0.08578   0.01466         0
   215/299     7.33G   0.08351   0.02553         0     0.109        70       640   0.01516    0.1333  0.004646 0.0008764    0.0853   0.01473         0
   216/299     7.33G   0.09104   0.02113         0    0.1122        70       640   0.01563    0.1333  0.003997 0.0007082    0.0851   0.01476         0
   217/299     7.33G   0.08789   0.02795         0    0.1158        84       640   0.01588    0.1333  0.003869 0.0008371   0.08463   0.01484         0
   218/299     7.33G   0.08525    0.0298         0    0.1151        81       640   0.01681    0.1333  0.003902  0.002431   0.08453   0.01486         0
   219/299     7.33G   0.08743   0.03061         0     0.118        92       640   0.00844   0.06667  0.003422  0.002004   0.08452   0.01486         0
   220/299     7.33G   0.08833   0.02174         0    0.1101        65       640  0.009349   0.06667  0.003715  0.001994   0.08476   0.01482         0
   221/299     7.33G   0.08833   0.02788         0    0.1162        85       640   0.01732    0.1333  0.005253  0.002758   0.08511   0.01475         0
   222/299     7.33G   0.09104   0.03031         0    0.1213        92       640   0.01559    0.1333  0.004806  0.001025   0.08517   0.01473         0
   223/299     7.33G    0.0869   0.02745         0    0.1144        75       640   0.01545    0.1333  0.004528 0.0009622   0.08484   0.01477         0
   224/299     7.33G   0.08809   0.02523         0    0.1133        74       640    0.0156    0.1333  0.004613 0.0008446   0.08504   0.01472         0
   225/299     7.33G    0.0898     0.026         0    0.1158        79       640   0.01551    0.1333  0.005227 0.0009266   0.08497   0.01472         0
   226/299     7.33G   0.08683   0.02392         0    0.1108        70       640  0.007355   0.06667  0.006766  0.001095   0.08451    0.0148         0
   227/299     7.33G   0.08665   0.02434         0     0.111        70       640  0.006946   0.06667  0.008397  0.001604   0.08402   0.01486         0
   228/299     7.33G   0.08841   0.02817         0    0.1166        79       640   0.02041       0.2   0.01133  0.001571   0.08332   0.01497         0
   229/299     7.33G   0.08596   0.02772         0    0.1137        82       640   0.02769    0.2667   0.02177  0.002632   0.08236   0.01513         0
   230/299     7.33G   0.08429   0.02852         0    0.1128        77       640   0.04092    0.1333    0.0212  0.003371   0.08173   0.01523         0
   231/299     7.33G   0.08638   0.02885         0    0.1152        84       640   0.05375       0.2   0.01936  0.004423   0.08149   0.01526         0
   232/299     7.33G   0.08467   0.02719         0    0.1119        74       640    0.0534       0.2   0.02161   0.00292   0.08126   0.01529         0
   233/299     7.33G   0.08501   0.02519         0    0.1102        69       640   0.05981       0.2   0.02242  0.003841   0.08103   0.01532         0
   234/299     7.33G   0.09016   0.02723         0    0.1174        86       640   0.07472    0.1242    0.0232  0.003797   0.08092   0.01533         0
   235/299     7.33G   0.08319   0.02724         0    0.1104        75       640    0.0594       0.2   0.02031    0.0033    0.0807   0.01536         0
   236/299     7.33G   0.08733   0.02808         0    0.1154        80       640   0.05082       0.2   0.01473  0.003272   0.08049   0.01539         0
   237/299     7.33G   0.08604   0.02448         0    0.1105        68       640   0.05128       0.2   0.01429    0.0041   0.08029   0.01541         0
   238/299     7.33G   0.08535   0.02481         0    0.1102        69       640    0.0594       0.2   0.01823  0.005406   0.08027    0.0154         0
   239/299     7.33G   0.08743   0.02476         0    0.1122        69       640   0.04585   0.06667   0.01454  0.003863   0.08051   0.01534         0
   240/299     7.33G    0.0849   0.02585         0    0.1107        72       640   0.03218    0.1465   0.01445  0.002943   0.08063   0.01532         0
   241/299     7.33G   0.08575   0.02713         0    0.1129        79       640   0.02377    0.1333   0.00921  0.002074   0.08107   0.01524         0
   242/299     7.33G   0.08574   0.02997         0    0.1157        85       640   0.01446       0.2  0.008984  0.001952   0.08184   0.01508         0
   243/299     7.33G   0.08068   0.02745         0    0.1081        69       640   0.02357    0.1333  0.008584  0.001876   0.08196   0.01504         0
   244/299     7.33G   0.08611   0.02892         0     0.115        76       640   0.01328       0.2  0.006246  0.001393   0.08288   0.01488         0
   245/299     7.33G   0.08439   0.02977         0    0.1142        83       640  0.008622    0.1333  0.003929 0.0008195   0.08322   0.01482         0
   246/299     7.33G   0.08434   0.02717         0    0.1115        76       640    0.0122       0.2   0.00555  0.001411   0.08225   0.01498         0
   247/299     7.33G    0.0876   0.03295         0    0.1205        93       640   0.01487    0.2667  0.006229  0.001739   0.08292   0.01487         0
   248/299     7.33G   0.08284   0.03166         0    0.1145        83       640    0.0146    0.2667  0.005991  0.001243   0.08319   0.01482         0
   249/299     7.33G   0.08633   0.02962         0    0.1159        92       640   0.01394    0.2667  0.007995  0.001291   0.08342   0.01477         0
   250/299     7.33G   0.08406   0.02488         0    0.1089        68       640   0.01914       0.2  0.008842  0.001688   0.08351   0.01475         0
   251/299     7.33G   0.08406   0.02567         0    0.1097        73       640    0.0137    0.2667  0.008749  0.001595   0.08328   0.01477         0
   252/299     7.33G   0.08542   0.03065         0    0.1161        92       640   0.02123       0.2   0.00942  0.002086   0.08298   0.01482         0
   253/299     7.33G   0.08031   0.02559         0    0.1059        64       640    0.0219       0.2   0.01009   0.00221   0.08229   0.01491         0
   254/299     7.33G   0.08636   0.02537         0    0.1117        74       640   0.02409    0.1333   0.01056  0.001497   0.08138   0.01506         0
   255/299     7.33G   0.08664   0.03036         0     0.117        90       640   0.01435    0.1333  0.006286  0.001622   0.08111    0.0151         0
   256/299     7.33G   0.08726   0.03255         0    0.1198        99       640   0.02033   0.06667  0.008007  0.001749    0.0809   0.01513         0
   257/299     7.33G   0.08479   0.03069         0    0.1155        94       640   0.02203    0.1143  0.009567  0.002358   0.08064   0.01517         0
   258/299     7.33G    0.0826   0.02773         0    0.1103        71       640   0.02729    0.1333   0.01107  0.002806   0.08069   0.01515         0
   259/299     7.33G   0.08493   0.03012         0    0.1151        87       640   0.02777    0.1333   0.01327  0.003636   0.08051   0.01517         0
   260/299     7.33G   0.08438   0.02801         0    0.1124        78       640   0.02851    0.1333    0.0131  0.003699   0.08075   0.01513         0
   261/299     7.33G    0.0809   0.02344         0    0.1043        61       640   0.04099    0.1333   0.01746  0.005527   0.08055   0.01516         0
   262/299     7.33G   0.08364   0.02576         0    0.1094        71       640   0.07945    0.1333   0.02036  0.006191   0.08057   0.01515         0
   263/299     7.33G   0.07827   0.02701         0    0.1053        64       640   0.05353    0.1333   0.02278  0.006405   0.08042   0.01517         0
   264/299     7.33G   0.08062   0.02872         0    0.1093        79       640   0.04977    0.1333   0.01919  0.006203   0.08024   0.01519         0
   265/299     7.33G   0.08324   0.02788         0    0.1111        78       640   0.05177    0.1333   0.02212  0.005339   0.08008   0.01522         0
   266/299     7.33G    0.0855   0.03295         0    0.1184        98       640   0.04852    0.2006   0.02127  0.005885   0.07975   0.01529         0
   267/299     7.33G   0.07763   0.02638         0     0.104        71       640   0.05782    0.2667   0.02423  0.005372   0.07964   0.01529         0
   268/299     7.33G   0.08526   0.02833         0    0.1136        88       640   0.04089       0.2   0.01967  0.005191   0.07965   0.01525         0
   269/299     7.33G   0.08707   0.02867         0    0.1157        90       640   0.05135    0.1333   0.02102  0.007389   0.07969   0.01522         0
   270/299     7.33G   0.08127   0.02813         0    0.1094        78       640   0.05462    0.1333   0.02578  0.008884   0.07984   0.01516         0
   271/299     7.33G   0.09062   0.02337         0     0.114        75       640   0.08263    0.1333   0.02644    0.0101   0.07984   0.01514         0
   272/299     7.33G   0.08086   0.02887         0    0.1097        75       640    0.1028    0.3333     0.046    0.0127   0.07966   0.01515         0
   273/299     7.33G   0.08088   0.02852         0    0.1094        75       640   0.07448    0.3333   0.03767   0.01058    0.0799   0.01512         0
   274/299     7.33G   0.07903   0.02387         0    0.1029        60       640   0.08787    0.2667   0.03939   0.01153   0.07915   0.01523         0
   275/299     7.33G   0.07949   0.02647         0     0.106        65       640   0.09466    0.2931    0.0469   0.01572   0.07877   0.01527         0
   276/299     7.33G   0.08546   0.02435         0    0.1098        70       640    0.1147    0.2941   0.06115   0.02139   0.07862   0.01528         0
   277/299     7.33G   0.07974   0.02673         0    0.1065        75       640     0.125       0.2    0.0472   0.01242   0.07873   0.01527         0
   278/299     7.33G   0.08401   0.02536         0    0.1094        72       640   0.09224       0.2   0.04827   0.01269   0.07885   0.01523         0
   279/299     7.33G   0.08009   0.03034         0    0.1104        78       640   0.08572       0.2   0.04382   0.01204   0.07882   0.01523         0
   280/299     7.33G   0.07817   0.02307         0    0.1012        61       640     0.141       0.2   0.04918   0.01595   0.07861   0.01522         0
   281/299     7.33G   0.08391   0.02732         0    0.1112        81       640    0.1526       0.2   0.05296   0.01362   0.07809   0.01526         0
   282/299     7.33G   0.07697   0.03147         0    0.1084        83       640    0.1007       0.2   0.05414   0.01578   0.07753   0.01531         0
   283/299     7.33G   0.08025   0.02786         0    0.1081        86       640    0.1091    0.1308   0.05969   0.02118   0.07707   0.01534         0
   284/299     7.33G   0.08157   0.02882         0    0.1104        83       640    0.1195       0.2   0.07154   0.02527    0.0772   0.01529         0
   285/299     7.33G   0.08004   0.02936         0    0.1094        85       640    0.1275       0.2     0.102   0.04538   0.07748   0.01522         0
   286/299     7.33G   0.08062   0.03175         0    0.1124        89       640    0.1461       0.2    0.0723   0.03011   0.07769   0.01517         0
   287/299     7.33G   0.08095   0.03366         0    0.1146        90       640    0.1901    0.2667   0.08801   0.02795   0.07789   0.01509         0
   288/299     7.33G   0.08192   0.03151         0    0.1134        89       640     0.119    0.2667   0.07178   0.02418   0.07821   0.01501         0
   289/299     7.33G   0.07474   0.02626         0     0.101        67       640    0.1507    0.2667   0.07248    0.0189   0.07813   0.01501         0
   290/299     7.33G   0.07867   0.02843         0    0.1071        77       640    0.1264    0.2667   0.07342   0.01825   0.07809   0.01499         0
   291/299     7.33G   0.07864   0.02725         0    0.1059        72       640    0.1623       0.2    0.0617   0.01773    0.0779   0.01499         0
   292/299     7.33G   0.07708   0.02628         0    0.1034        63       640    0.1579       0.2   0.06156   0.02096   0.07769   0.01499         0
   293/299     7.33G   0.07958   0.02665         0    0.1062        69       640    0.2044       0.2   0.08561   0.02793   0.07729   0.01501         0
   294/299     7.33G   0.07877   0.02637         0    0.1051        71       640    0.1942       0.2   0.08359   0.02652   0.07717     0.015         0
   295/299     7.33G   0.07848   0.02823         0    0.1067        79       640    0.1814       0.2   0.07295   0.02361   0.07698     0.015         0
   296/299     7.33G   0.07946   0.02757         0     0.107        80       640    0.1569    0.3333   0.08641   0.02171   0.07603   0.01512         0
   297/299     7.33G   0.07808   0.03117         0    0.1093        85       640    0.1827    0.3333   0.09208   0.02262   0.07569   0.01512         0
   298/299     7.33G    0.0779   0.03146         0    0.1094        86       640    0.1776       0.4    0.1166   0.03156   0.07517   0.01516         0
   299/299     7.33G   0.07656   0.02985         0    0.1064        82       640    0.2386       0.4    0.1426   0.03854   0.07472    0.0152         0
