     0/299     10.6G     0.118   0.02916         0    0.1472       138       640  0.001778    0.3556 0.0007577   0.00012    0.1043   0.02507         0
     1/299     11.1G    0.1185   0.02827         0    0.1467       133       640  0.001667    0.3333 0.0006363 9.853e-05    0.1027   0.02436         0
     2/299     11.1G     0.116    0.0279         0    0.1439       165       640  0.001443    0.2222 0.0003677 7.599e-05   0.09941   0.02319         0
     3/299     11.1G    0.1118   0.02613         0    0.1379       139       640  0.001299       0.2  0.001312 0.0003453   0.09626   0.02219         0
     4/299     11.1G    0.1097   0.02582         0    0.1355       150       640  0.001299       0.2  0.001312 0.0003453   0.09416   0.02133         0
     5/299     11.1G     0.105   0.02586         0    0.1308       125       640  0.001299       0.2 0.0003389 8.568e-05   0.09295   0.02058         0
     6/299     11.1G    0.1016   0.02687         0    0.1285       123       640  0.001299       0.2  0.001312 0.0003405   0.09218      0.02         0
     7/299     11.1G   0.09775   0.02714         0    0.1249       136       640  0.001299       0.2 0.0008047 0.0002226   0.09162   0.01952         0
     8/299     11.1G   0.09516   0.02675         0    0.1219       126       640  0.001443    0.2222 0.0005352 0.0001636   0.09029   0.01931         0
     9/299     11.1G   0.09126   0.02665         0    0.1179       121       640  0.001587    0.2444 0.0005259  0.000121   0.08878   0.01925         0
    10/299     11.1G   0.09048   0.02831         0    0.1188       132       640  0.001547    0.2444 0.0004009 9.081e-05   0.08781   0.01916         0
    11/299     11.1G   0.08819   0.02927         0    0.1175       132       640  0.001889    0.3778 0.0007415 0.0001394   0.08616   0.01927         0
    12/299     11.1G   0.08735   0.02782         0    0.1152       143       640  0.001889    0.3778 0.0007434 0.0001395   0.08557   0.01922         0
    13/299     11.1G    0.0869   0.02751         0    0.1144       121       640  0.001778    0.3556 0.0006664 0.0001015   0.08573   0.01904         0
    14/299     11.1G   0.08477   0.03025         0     0.115       129       640  0.001778    0.3556 0.0006664 0.0001159   0.08512   0.01904         0
    15/299     11.1G   0.08791    0.0294         0    0.1173       155       640  0.001889    0.3778 0.0007415 0.0001264   0.08469   0.01903         0
    16/299     11.1G   0.08687   0.02778         0    0.1147       143       640  0.001889    0.3778 0.0007415  0.000125   0.08481   0.01892         0
    17/299     11.1G   0.08445   0.02939         0    0.1138       156       640  0.001889    0.3778 0.0007415 0.0001254   0.08462   0.01887         0
    18/299     11.1G   0.08445     0.029         0    0.1134       132       640  0.001889    0.3778 0.0007415 0.0001291   0.08426   0.01885         0
    19/299     11.1G    0.0856   0.02951         0    0.1151       137       640  0.001889    0.3778 0.0007415  0.000125    0.0843   0.01878         0
    20/299     11.1G   0.08519   0.02913         0    0.1143       153       640     0.002       0.4 0.0008446 0.0001397    0.0841   0.01876         0
    21/299     11.1G   0.08414   0.02756         0    0.1117       122       640  0.001889    0.3778 0.0007415 0.0001291   0.08423   0.01867         0
    22/299     11.1G   0.08514   0.02727         0    0.1124       127       640  0.001889    0.3778 0.0007414 0.0001233   0.08434    0.0186         0
    23/299     11.1G   0.08429    0.0309         0    0.1152       143       640     0.002       0.4 0.0008445  0.000149   0.08408   0.01861         0
    24/299     11.1G   0.08125   0.02869         0    0.1099       135       640     0.002       0.4 0.0008457 0.0001497   0.08392    0.0186         0
    25/299     11.1G   0.08468   0.02856         0    0.1132       130       640  0.001889    0.3778  0.000743 0.0001264   0.08425    0.0185         0
    26/299     11.1G   0.08341    0.0284         0    0.1118       128       640  0.001778    0.3556 0.0006656 0.0001188   0.08431   0.01846         0
    27/299     11.1G   0.08267   0.02691         0    0.1096       132       640  0.001778    0.3556 0.0006634 0.0001023   0.08459   0.01837         0
    28/299     11.1G   0.08419   0.02847         0    0.1127       146       640  0.001916    0.3333  0.000825 0.0001308   0.08457   0.01835         0
    29/299     11.1G   0.08477   0.02729         0    0.1121       134       640  0.001908    0.3111 0.0007903 0.0001257    0.0847   0.01829         0
    30/299     11.1G   0.08308   0.02814         0    0.1112       116       640  0.001668    0.2667 0.0006106  0.000122    0.0846   0.01828         0
    31/299     11.1G   0.08504   0.03017         0    0.1152       162       640  0.001889    0.3778 0.0007351 0.0001263    0.0841   0.01835         0
    32/299     11.1G   0.08355   0.02631         0    0.1099       135       640  0.001889    0.3778 0.0007424 0.0001263   0.08407   0.01832         0
    33/299     11.1G   0.08258   0.02787         0    0.1104       125       640  0.001667    0.3333 0.0006743 0.0001126   0.08393   0.01833         0
    34/299     11.1G   0.08346   0.02704         0    0.1105       127       640  0.001778    0.3556 0.0008173 0.0001486   0.08399   0.01829         0
    35/299     11.1G   0.08319   0.03014         0    0.1133       148       640  0.001778    0.3556 0.0006836 0.0001118   0.08401   0.01827         0
    36/299     11.1G   0.08464   0.02502         0    0.1097       123       640  0.001556    0.3111 0.0005358 6.917e-05   0.08429   0.01819         0
    37/299     11.1G   0.08226   0.02838         0    0.1106       122       640  0.001874    0.3111 0.0007608 0.0001199   0.08422   0.01819         0
    38/299     11.1G   0.08152   0.02622         0    0.1077       121       640  0.001395    0.2222 0.0004137 7.926e-05   0.08425   0.01817         0
    39/299     11.1G   0.08425   0.02986         0    0.1141       139       640  0.001379    0.2222 0.0005254 9.031e-05   0.08394   0.01821         0
    40/299     11.1G   0.08187   0.02816         0      0.11       135       640  0.001556    0.3111 0.0007479 0.0001204   0.08395    0.0182         0
    41/299     11.1G   0.08298   0.03014         0    0.1131       149       640  0.001778    0.3556  0.001053 0.0001623   0.08373   0.01824         0
    42/299     11.1G   0.08156   0.02991         0    0.1115       143       640     0.002       0.4  0.001294  0.000221   0.08351   0.01826         0
    43/299     11.1G    0.0817   0.03176         0    0.1135       149       640     0.002       0.4  0.001272 0.0002397   0.08359   0.01825         0
    44/299     11.1G   0.08276   0.02869         0    0.1114       142       640     0.002       0.4  0.001878 0.0003241   0.08362   0.01823         0
    45/299     11.1G   0.08274     0.027         0    0.1097       128       640  0.001778    0.3556   0.00135 0.0001811   0.08389   0.01817         0
    46/299     11.1G   0.08194   0.02837         0    0.1103       133       640  0.001556    0.3111 0.0007504  0.000102   0.08395   0.01814         0
    47/299     11.1G   0.07989   0.02989         0    0.1098       143       640  0.001556    0.3111 0.0006928 0.0001128   0.08369   0.01818         0
    48/299     11.1G   0.08116   0.03036         0    0.1115       138       640  0.001778    0.3556 0.0009213 0.0001365   0.08373   0.01817         0
    49/299     11.1G   0.08017   0.03051         0    0.1107       137       640  0.001556    0.3111 0.0009165 0.0001485   0.08362   0.01818         0
    50/299     11.1G   0.07981   0.02811         0    0.1079       125       640  0.001778    0.3556   0.00123 0.0001901   0.08356   0.01818         0
    51/299     11.1G   0.07848    0.0288         0    0.1073       131       640   0.01605   0.02222  0.002047 0.0002928    0.0834   0.01819         0
    52/299     11.1G   0.07878   0.03068         0    0.1095       141       640  0.008349   0.02222  0.001874 0.0002767   0.08307   0.01825         0
    53/299     11.1G   0.07963   0.02983         0    0.1095       143       640  0.003474   0.02222  0.001855 0.0003391   0.08286   0.01828         0
    54/299     11.1G   0.07935   0.02952         0    0.1089       133       640  0.006626   0.08889  0.003092 0.0006585    0.0824   0.01834         0
    55/299     11.1G   0.07547   0.02978         0    0.1053       119       640   0.00971       0.2  0.004678 0.0009956   0.08209   0.01837         0
    56/299     11.1G   0.07626   0.02837         0    0.1046       123       640   0.00899    0.2444  0.005097  0.001161   0.08194   0.01836         0
    57/299     11.1G   0.07477   0.02955         0    0.1043       140       640  0.009416    0.2889  0.005906   0.00115   0.08125   0.01848         0
    58/299     11.1G   0.07343   0.03128         0    0.1047       126       640   0.01825   0.08889  0.006988  0.001496    0.0803   0.01863         0
    59/299     11.1G   0.07129   0.03214         0    0.1034       154       640   0.04269    0.1111   0.01918   0.00443   0.07927   0.01867         0
    60/299     11.1G   0.07275   0.02958         0    0.1023       157       640   0.03132    0.2444   0.01168  0.002239   0.07764   0.01873         0
    61/299     11.1G   0.07059   0.02635         0   0.09694       114       640   0.05313    0.1111   0.02785  0.003343   0.07779   0.01843         0
    62/299     11.1G   0.07335   0.02992         0    0.1033       153       640    0.0905    0.1778   0.04184  0.007443   0.07697    0.0181         0
    63/299     11.1G   0.07156   0.02555         0   0.09711       129       640    0.1154    0.1778   0.04289  0.006698   0.07603   0.01812         0
    64/299     11.1G   0.06895   0.02967         0   0.09863       143       640    0.1347    0.1556   0.03649  0.007101   0.07486   0.01802         0
    65/299     11.1G   0.06809   0.02685         0   0.09494       132       640   0.06498    0.1778   0.02039  0.004523   0.07577   0.01807         0
    66/299     11.1G   0.07137   0.02467         0   0.09604       125       640    0.1522    0.2444   0.05771  0.009213   0.07255   0.01795         0
    67/299     11.1G    0.0732   0.02562         0   0.09882       144       640   0.08361    0.2444   0.03206  0.007813   0.07173     0.018         0
    68/299     11.1G   0.06641   0.02769         0    0.0941       153       640    0.1058    0.2667   0.04335   0.01054   0.07325   0.01776         0
    69/299     11.1G   0.06701    0.0259         0   0.09291       125       640   0.04152       0.4   0.02104  0.005493    0.0773   0.02119         0
    70/299     11.1G   0.06386    0.0248         0   0.08866       121       640   0.03731    0.2667   0.01968  0.003973   0.07263   0.02467         0
    71/299     11.1G   0.06333   0.02486         0   0.08818       143       640   0.04267    0.1556   0.01727  0.003543   0.07434   0.02938         0
    72/299     11.1G   0.06747   0.02313         0    0.0906       124       640   0.02997    0.3111   0.01513  0.002701   0.07604   0.02374         0
    73/299     11.1G   0.06727   0.02395         0   0.09122       133       640   0.07526    0.2444    0.0494  0.008757    0.0677   0.02949         0
    74/299     11.1G   0.07065   0.02565         0    0.0963       162       640     0.203       0.2   0.08408   0.02629   0.06693   0.02245         0
    75/299     11.1G   0.06255    0.0228         0   0.08535       127       640   0.08827    0.3778   0.05435   0.01201   0.06762   0.02623         0
    76/299     11.1G   0.06641   0.02259         0     0.089       122       640     0.111    0.1333   0.04312  0.009738    0.0679   0.02631         0
    77/299     11.1G   0.06153   0.02456         0    0.0861       137       640    0.1467       0.4   0.08816    0.0157   0.07542   0.02716         0
    78/299     11.1G   0.06378   0.02464         0   0.08842       155       640    0.4943    0.2667    0.2029   0.05807   0.06426   0.02251         0
    79/299     11.1G   0.06126   0.02309         0   0.08435       142       640    0.2822    0.3333     0.174   0.04806    0.0667   0.01595         0
    80/299     11.1G   0.05841   0.02114         0   0.07955       126       640    0.3324    0.4222     0.241   0.05155   0.06582   0.01416         0
    81/299     11.1G    0.0619   0.02224         0   0.08414       146       640   0.08709    0.4222   0.05776   0.01424   0.07135    0.0174         0
    82/299     11.1G   0.06006   0.02205         0   0.08211       138       640   0.07087    0.2222   0.03721  0.007514   0.07616   0.02001         0
    83/299     11.1G   0.06251   0.02136         0   0.08388       141       640    0.1246    0.5333   0.09189   0.02469   0.06492    0.0154         0
    84/299     11.1G   0.05698   0.02086         0   0.07783       118       640   0.08537       0.2   0.04582   0.01052   0.07532   0.01892         0
    85/299     11.1G   0.06224   0.02305         0   0.08529       144       640    0.0355    0.3111   0.02195  0.005177   0.07172      0.03         0
    86/299     11.1G   0.05434   0.02168         0   0.07602       132       640    0.1974    0.4667    0.1452     0.036   0.07563   0.01758         0
    87/299     11.1G   0.05919   0.02313         0   0.08232       144       640    0.3281    0.4884    0.2532   0.08381   0.06252   0.01423         0
    88/299     11.1G   0.06253   0.02005         0   0.08258       119       640    0.2879    0.3778    0.2371   0.05806   0.07602   0.01832         0
    89/299     11.1G   0.06355   0.01979         0   0.08333       127       640    0.3142    0.4174    0.2348   0.06853   0.07171    0.0166         0
    90/299     11.1G   0.05404   0.02159         0   0.07563       134       640    0.3453       0.6     0.345    0.1162   0.06748   0.01766         0
    91/299     11.1G   0.05675   0.02148         0   0.07823       131       640    0.4968    0.3073    0.2265   0.04301    0.0748   0.01822         0
    92/299     11.1G   0.05676   0.02143         0   0.07819       156       640    0.3301    0.3556    0.2949     0.118   0.05704   0.02216         0
    93/299     11.1G   0.06013    0.0206         0   0.08073       141       640    0.4146    0.3778    0.3257    0.1366   0.05996   0.02468         0
    94/299     11.1G   0.05465   0.02047         0   0.07512       126       640    0.3912       0.4    0.2567   0.05753   0.06637   0.01677         0
    95/299     11.1G   0.05567   0.02041         0   0.07609       124       640    0.4327    0.2889    0.2843    0.1064   0.05156   0.01867         0
    96/299     11.1G   0.05909    0.0195         0   0.07859       128       640     0.116    0.3993   0.07979   0.02332   0.06777   0.02165         0
    97/299     11.1G    0.0544    0.0206         0     0.075       136       640    0.4869    0.5333    0.4772    0.2017   0.05224   0.01587         0
    98/299     11.1G   0.05383   0.01919         0   0.07302       121       640    0.4439    0.3556    0.2918    0.1344   0.05684   0.02219         0
    99/299     11.1G   0.05534   0.01988         0   0.07522       142       640    0.4901    0.5556    0.4168    0.1508    0.0537   0.01493         0
   100/299     11.1G    0.0518   0.01999         0   0.07179       124       640     0.755    0.6889    0.6851    0.3144   0.05049   0.01185         0
   101/299     11.1G   0.05854   0.01899         0   0.07753       146       640    0.4306    0.5556    0.3446    0.1306   0.05349   0.01479         0
   102/299     11.1G   0.05127   0.01919         0   0.07046       134       640    0.7878    0.5776    0.6535    0.3134   0.04864   0.01373         0
   103/299     11.1G   0.05277   0.01978         0   0.07255       154       640    0.4363    0.5333    0.3751    0.1014   0.05419   0.01449         0
   104/299     11.1G   0.05511   0.02069         0    0.0758       144       640     0.152    0.3111   0.08048    0.0158   0.06569   0.01974         0
   105/299     11.1G   0.05317    0.0194         0   0.07257       120       640    0.6443    0.4428      0.48    0.1814   0.05407   0.01988         0
   106/299     11.1G   0.05409   0.01789         0   0.07198       104       640    0.5189       0.6    0.3956    0.0966     0.065   0.01575         0
   107/299     11.1G   0.05998   0.01901         0   0.07899       136       640    0.6935    0.5556    0.5841     0.193   0.05359   0.01629         0
   108/299     11.1G   0.05342   0.02097         0   0.07439       142       640    0.5896    0.5111     0.465     0.176   0.05377    0.0147         0
   109/299     11.1G   0.05225   0.02013         0   0.07238       122       640    0.5767    0.6667    0.4766    0.1075   0.06324   0.01095         0
   110/299     11.1G    0.0548   0.01901         0   0.07381       137       640    0.6363    0.4667    0.4176    0.1803   0.06133    0.0132         0
   111/299     11.1G   0.05366   0.01942         0   0.07308       136       640    0.6189    0.5778    0.5427    0.1592   0.06515   0.01274         0
   112/299     11.1G   0.05432      0.02         0   0.07432       161       640    0.6511     0.622    0.6192    0.2891   0.05512   0.01231         0
   113/299     11.1G   0.05048   0.01895         0   0.06943       142       640    0.5883    0.6444    0.4868    0.1646   0.05821   0.01175         0
   114/299     11.1G   0.05702   0.01904         0   0.07606       146       640    0.4942    0.5556    0.3698    0.1434   0.06206   0.01142         0
   115/299     11.1G   0.04947   0.01844         0    0.0679       138       640     0.727    0.5333    0.5977    0.3031   0.05288   0.01269         0
   116/299     11.1G   0.04895    0.0165         0   0.06545       118       640    0.7558    0.6889    0.6431     0.248   0.05421    0.0112         0
   117/299     11.1G   0.04963   0.01706         0    0.0667       114       640    0.7285       0.6     0.572    0.2576   0.05118   0.01623         0
   118/299     11.1G   0.04828   0.01805         0   0.06634       136       640    0.8745    0.4646    0.5562    0.2039   0.05835   0.01469         0
   119/299     11.1G   0.05089   0.01805         0   0.06894       143       640    0.7132    0.6632    0.6844    0.2951   0.04756   0.01435         0
   120/299     11.1G   0.05442   0.01718         0   0.07161       118       640    0.7855    0.7326    0.6669     0.309   0.04575   0.01128         0
   121/299     11.1G    0.0457   0.01731         0     0.063       134       640    0.8284     0.751    0.7173    0.3323   0.04575   0.01106         0
   122/299     11.1G   0.04643    0.0175         0   0.06393       141       640    0.8822    0.6667     0.749    0.2612   0.05061   0.01141         0
   123/299     11.1G   0.04606   0.01842         0   0.06447       167       640    0.8319    0.6667    0.6949    0.3047   0.04821   0.01587         0
   124/299     11.1G   0.04661   0.01714         0   0.06374       135       640    0.8214    0.5111    0.5377    0.2343   0.05403   0.01506         0
   125/299     11.1G    0.0507   0.01569         0   0.06639       120       640    0.6339    0.5778    0.5472    0.2417   0.04886   0.01071         0
   126/299     11.1G    0.0514   0.01781         0   0.06921       155       640     0.818       0.6    0.6847    0.2668   0.05301   0.01195         0
   127/299     11.1G   0.04948   0.01795         0   0.06743       157       640    0.6558    0.5111    0.4481    0.1495   0.05594   0.01375         0
   128/299     11.1G   0.04632   0.01694         0   0.06326       126       640    0.7497    0.6667     0.682    0.2782   0.04843   0.01177         0
   129/299     11.1G    0.0448   0.01722         0   0.06202       117       640    0.8234    0.6217    0.6706    0.3521   0.04304   0.01401         0
   130/299     11.1G   0.04741   0.01838         0   0.06579       138       640    0.8723    0.6222    0.7252    0.3296   0.05053   0.01021         0
   131/299     11.1G   0.04638   0.01631         0   0.06269       141       640    0.8488    0.3778    0.4131    0.1922    0.0573   0.04377         0
   132/299     11.1G   0.04855   0.01599         0   0.06454       114       640    0.8102    0.6667    0.6924    0.2387   0.05205   0.01086         0
   133/299     11.1G   0.04771    0.0154         0   0.06311       114       640     0.857    0.6667    0.7774    0.4071   0.04189   0.01159         0
   134/299     11.1G   0.04721   0.01709         0    0.0643       136       640    0.7673    0.7329    0.7349    0.3189    0.0469   0.01242         0
   135/299     11.1G   0.04623   0.01743         0   0.06366       132       640      0.75    0.5999    0.6358    0.2908    0.0451   0.01315         0
   136/299     11.1G    0.0429   0.01532         0   0.05822       124       640    0.2266    0.3778    0.1648   0.08541   0.05523   0.03042         0
   137/299     11.1G   0.04838   0.01717         0   0.06555       146       640    0.8589    0.7111    0.7514    0.3196   0.04676   0.01264         0
   138/299     11.1G   0.04214   0.01514         0   0.05728       133       640     0.913    0.7333    0.7812    0.3631   0.04412   0.01065         0
   139/299     11.1G   0.04436   0.01549         0   0.05985       124       640    0.9285    0.3111    0.3654    0.2158   0.05375   0.03422         0
   140/299     11.1G   0.04261   0.01597         0   0.05858       127       640         1    0.2887    0.3384    0.1523   0.05245   0.05633         0
   141/299     11.1G   0.04619   0.01595         0   0.06213       139       640    0.7989    0.3556    0.3772    0.1884   0.05695   0.01693         0
   142/299     11.1G   0.04808   0.01559         0   0.06367       122       640    0.7435    0.6443    0.6645      0.32   0.05256   0.01026         0
   143/299     11.1G   0.04529   0.01584         0   0.06113       140       640    0.9071    0.6667     0.741    0.3512    0.0435   0.01208         0
   144/299     11.1G   0.04131   0.01729         0    0.0586       151       640    0.8265    0.6444    0.6791    0.2909   0.04513   0.01849         0
   145/299     11.1G   0.04655   0.01573         0   0.06229       142       640    0.9116    0.6889    0.7352    0.3857    0.0419   0.01187         0
   146/299     11.1G   0.04362   0.01589         0   0.05951       139       640    0.8648    0.7109    0.7695    0.4173   0.04092   0.01152         0
   147/299     11.1G   0.04394   0.01508         0   0.05902       113       640    0.9258    0.5549    0.6256    0.2822   0.04658   0.01501         0
   148/299     11.1G   0.04009   0.01614         0   0.05623       127       640    0.9181    0.7556    0.7953    0.4066   0.04135  0.009693         0
   149/299     11.1G   0.04384    0.0151         0   0.05895       117       640    0.8718    0.7556    0.7966    0.4085   0.04095  0.009525         0
   150/299     11.1G   0.04202   0.01627         0    0.0583       145       640    0.7497    0.7989    0.7544    0.2791   0.04689   0.01005         0
   151/299     11.1G   0.04643   0.01477         0    0.0612       136       640    0.8125    0.5777    0.5862    0.3006    0.0468   0.01546         0
   152/299     11.1G   0.04146   0.01576         0   0.05722       149       640    0.9389    0.6889    0.8024    0.3612   0.04222   0.01002         0
   153/299     11.1G   0.04301   0.01643         0   0.05944       143       640    0.7838    0.7333    0.7853    0.3809   0.03876   0.01133         0
   154/299     11.1G   0.04592   0.01502         0   0.06095       130       640    0.8529    0.6442    0.6799    0.3701   0.04184   0.01472         0
   155/299     11.1G   0.04187   0.01503         0    0.0569       125       640    0.4282    0.5991    0.4303    0.2317   0.04297   0.01671         0
   156/299     11.1G   0.04037   0.01463         0     0.055       132       640    0.8562       0.8    0.8051    0.4275   0.04022   0.01009         0
   157/299     11.1G   0.04321   0.01673         0   0.05994       153       640    0.9208    0.7747    0.8073    0.4112   0.04004   0.01009         0
   158/299     11.1G   0.03914   0.01453         0   0.05367       131       640    0.8974    0.7775    0.8117    0.4485    0.0383  0.009269         0
   159/299     11.1G   0.04284   0.01404         0   0.05688       125       640    0.7806    0.5556    0.5676    0.2747   0.05071   0.01438         0
   160/299     11.1G   0.04242   0.01551         0   0.05794       125       640    0.8291    0.7556    0.7327    0.4184   0.04156  0.009765         0
   161/299     11.1G   0.03878   0.01456         0   0.05334       137       640    0.8545       0.8    0.7968    0.3927   0.04133   0.01026         0
   162/299     11.1G   0.04058   0.01428         0   0.05486       122       640    0.8915    0.7333    0.7609    0.4232   0.04424   0.01173         0
   163/299     11.1G   0.04445   0.01432         0   0.05876       133       640    0.8964    0.5768    0.6695     0.352   0.04458    0.0141         0
   164/299     11.1G   0.03985   0.01574         0   0.05558       137       640    0.9231    0.7998    0.8276    0.4648   0.03967  0.009393         0
   165/299     11.1G   0.03822   0.01374         0   0.05196       130       640       0.9    0.7999    0.8152     0.383   0.04301  0.009036         0
   166/299     11.1G   0.04342   0.01434         0   0.05776       128       640     0.857       0.8    0.8155    0.4416   0.03825   0.01032         0
   167/299     11.1G   0.03883   0.01439         0   0.05321       139       640    0.8385    0.5769    0.6242     0.314   0.04742   0.01522         0
   168/299     11.1G   0.03729   0.01435         0   0.05165       120       640    0.8246    0.7333    0.7671    0.3798   0.04449   0.01169         0
   169/299     11.1G   0.04134   0.01449         0   0.05583       126       640    0.9024     0.822    0.8161    0.4665   0.03883   0.01021         0
   170/299     11.1G   0.03528   0.01475         0   0.05002       153       640    0.9474       0.8    0.8238    0.3966   0.04216  0.008964         0
   171/299     11.1G   0.04408   0.01564         0   0.05972       143       640      0.92    0.7778    0.8026    0.4712   0.03857  0.008704         0
   172/299     11.1G   0.04271   0.01442         0   0.05713       149       640    0.9229       0.8    0.8145    0.4518   0.03779  0.008782         0
   173/299     11.1G   0.03404   0.01395         0   0.04799       141       640     0.923       0.8    0.8148    0.4788   0.03617  0.008702         0
   174/299     11.1G   0.03804   0.01316         0    0.0512       120       640    0.9705    0.7333    0.8073    0.5062   0.03826   0.01016         0
   175/299     11.1G   0.03467   0.01321         0   0.04788       118       640         1    0.5106    0.6213    0.3429    0.0417   0.02746         0
   176/299     11.1G   0.03754   0.01319         0   0.05072       139       640    0.9599    0.5325    0.6246    0.3738   0.04038   0.03712         0
   177/299     11.1G   0.03957   0.01262         0    0.0522       113       640    0.9714    0.7555    0.8403    0.4877   0.03812  0.008238         0
   178/299     11.1G   0.03628   0.01491         0    0.0512       151       640    0.9655    0.6222    0.6937    0.3212   0.04623   0.01416         0
   179/299     11.1G   0.03927   0.01368         0   0.05294       136       640    0.9711    0.7556    0.8298    0.4723    0.0368   0.00996         0
   180/299     11.1G   0.03461   0.01445         0   0.04906       137       640    0.9722    0.7776    0.8172    0.4697   0.03824   0.01167         0
   181/299     11.1G   0.03905   0.01346         0   0.05251       127       640     0.806    0.5539     0.566    0.2992   0.04773   0.01778         0
   182/299     11.1G   0.03782    0.0137         0   0.05151       151       640    0.9727       0.8    0.8341    0.5041   0.03556  0.009475         0
   183/299     11.1G   0.03529   0.01412         0   0.04942       138       640    0.9728       0.8    0.8079    0.4079   0.04455  0.008665         0
   184/299     11.1G   0.03728   0.01342         0   0.05069       137       640    0.9013    0.8222    0.8322    0.4394   0.04144  0.008193         0
   185/299     11.1G   0.03883   0.01509         0   0.05392       150       640    0.9089    0.6651    0.7006     0.378   0.04355   0.01556         0
   186/299     11.1G   0.03638   0.01357         0   0.04996       140       640    0.9182    0.7556    0.8157    0.4449    0.0392  0.008986         0
   187/299     11.1G   0.03721   0.01377         0   0.05098       157       640     0.947       0.8    0.8385    0.4679   0.03746  0.008246         0
   188/299     11.1G   0.03805   0.01304         0   0.05109       120       640    0.9355    0.6442    0.7445    0.4609   0.03942   0.01505         0
   189/299     11.1G   0.03712   0.01296         0   0.05008       124       640       0.8    0.4444    0.5915    0.3251   0.04194   0.01344         0
   190/299     11.1G   0.03774   0.01329         0   0.05103       124       640     0.914    0.7111    0.7889    0.4784   0.03653    0.0105         0
   191/299     11.1G   0.03603   0.01391         0   0.04994       141       640    0.6388    0.5109    0.5059    0.2539   0.05291   0.01272         0
   192/299     11.1G   0.03669   0.01319         0   0.04988       126       640    0.6827    0.6222    0.6545    0.4031   0.04271   0.01205         0
   193/299     11.1G   0.03649   0.01254         0   0.04903       134       640    0.9959    0.6444    0.7354    0.3764   0.04326     0.016         0
   194/299     11.1G   0.03571   0.01341         0   0.04912       128       640    0.8448    0.3778    0.4889     0.278   0.04563   0.04093         0
   195/299     11.1G   0.03424   0.01376         0     0.048       141       640         1    0.7333    0.8304    0.5073   0.03559   0.01022         0
   196/299     11.1G   0.03295   0.01298         0   0.04592       150       640    0.9737    0.8221    0.8455    0.4635   0.03829  0.008325         0
   197/299     11.1G   0.03566   0.01335         0   0.04901       137       640    0.9226    0.8222    0.8468    0.5172   0.03554  0.007845         0
   198/299     11.1G     0.035   0.01299         0   0.04798       131       640    0.9702    0.7333    0.8252    0.4738   0.03669  0.008484         0
   199/299     11.1G   0.03292   0.01338         0   0.04629       137       640    0.9714    0.7555    0.8288    0.5285   0.03433  0.007905         0
   200/299     11.1G   0.03618   0.01288         0   0.04906       129       640    0.7831    0.6667    0.7244    0.4055   0.03871   0.01049         0
   201/299     11.1G   0.03544   0.01384         0   0.04928       145       640    0.9471       0.8    0.8448    0.5195   0.03405  0.008418         0
   202/299     11.1G   0.03625   0.01284         0   0.04909       139       640    0.6451    0.4442    0.3712    0.1439   0.06271   0.01547         0
   203/299     11.1G   0.03216    0.0133         0   0.04546       121       640    0.8749    0.7771    0.8142    0.4821   0.03523  0.008885         0
   204/299     11.1G   0.03586   0.01306         0   0.04892       123       640     0.923       0.8    0.8359    0.4909    0.0352  0.008486         0
   205/299     11.1G   0.03095    0.0132         0   0.04414       158       640         1    0.6666    0.7433    0.4386   0.03913   0.01023         0
   206/299     11.1G   0.03108   0.01221         0   0.04329       116       640         1    0.7333    0.8102    0.4388   0.04046  0.009292         0
   207/299     11.1G   0.03358   0.01208         0   0.04566       119       640    0.9996    0.7556    0.8342    0.4859   0.03564  0.008719         0
   208/299     11.1G   0.03294   0.01222         0   0.04517       123       640    0.9392    0.6889    0.7538     0.405   0.04284   0.01112         0
   209/299     11.1G   0.03049   0.01221         0    0.0427       132       640    0.9705    0.7333    0.8054    0.4643   0.03669  0.009425         0
   210/299     11.1G   0.03315   0.01181         0   0.04497       119       640     0.921    0.7776    0.8129    0.4908   0.03654  0.008131         0
   211/299     11.1G   0.03434   0.01315         0   0.04748       161       640     0.875    0.7775     0.793      0.45   0.03852  0.008437         0
   212/299     11.1G   0.03637   0.01258         0   0.04895       136       640    0.8945    0.7556    0.7764     0.435   0.04124  0.008409         0
   213/299     11.1G   0.03139    0.0125         0   0.04389       158       640    0.9988    0.7556    0.8357    0.4951   0.03591   0.00787         0
   214/299     11.1G   0.03299    0.0124         0   0.04539       134       640    0.8084    0.7556    0.7848    0.4642   0.03845  0.009581         0
   215/299     11.1G    0.0292   0.01291         0   0.04211       154       640    0.8129    0.7778    0.7852    0.4233   0.03994  0.009646         0
   216/299     11.1G   0.03524   0.01229         0   0.04753       142       640    0.9999    0.7778    0.8455    0.5279   0.03453  0.007388         0
   217/299     11.1G   0.03048   0.01271         0    0.0432       126       640    0.9996    0.7556    0.8438    0.4552   0.03913  0.007751         0
   218/299     11.1G   0.03226   0.01246         0   0.04472       161       640    0.8837    0.8444    0.8454    0.4883   0.03558  0.008881         0
   219/299     11.1G   0.03398   0.01261         0   0.04658       132       640    0.8709    0.5994    0.6334    0.2745   0.04896   0.01514         0
   220/299     11.1G   0.03482   0.01164         0   0.04646       135       640         1    0.7777     0.847     0.505   0.03491  0.007453         0
   221/299     11.1G   0.03042   0.01275         0   0.04317       147       640    0.9458     0.776    0.8442    0.4996    0.0362  0.007347         0
   222/299     11.1G    0.0299   0.01183         0   0.04173       131       640    0.9456    0.7778    0.8378    0.5018   0.03335  0.007932         0
   223/299     11.1G   0.03121   0.01202         0   0.04323       122       640       0.9    0.7997    0.8327    0.4714   0.03665  0.007898         0
   224/299     11.1G   0.03416   0.01208         0   0.04624       129       640    0.8945    0.7556    0.8252    0.5214   0.03306  0.009648         0
   225/299     11.1G   0.03076   0.01111         0   0.04187       126       640       0.9    0.7999    0.7972     0.453   0.03904  0.009235         0
   226/299     11.1G    0.0315   0.01189         0   0.04339       133       640    0.9471       0.8    0.8334    0.5263   0.03347  0.007783         0
   227/299     11.1G   0.03294   0.01239         0   0.04533       141       640    0.7429    0.6421    0.7013    0.4125   0.04111   0.01731         0
   228/299     11.1G   0.03033   0.01111         0   0.04145       111       640    0.9231       0.8    0.7885     0.402   0.04319  0.008154         0
   229/299     11.1G   0.03163   0.01192         0   0.04354       135       640    0.9712    0.7556    0.8158    0.5029   0.03577  0.007362         0
   230/299     11.1G   0.03145   0.01141         0   0.04286       141       640    0.9023    0.8222    0.8423    0.5326   0.03313  0.007426         0
   231/299     11.1G   0.03031   0.01164         0   0.04194       130       640    0.9471       0.8    0.8461    0.5288   0.03264  0.007636         0
   232/299     11.1G   0.02716   0.01058         0   0.03774       114       640    0.9721    0.7778    0.8403    0.5098   0.03522  0.007251         0
   233/299     11.1G    0.0301   0.01191         0   0.04202       133       640    0.9474       0.8    0.8425    0.5268   0.03535  0.007104         0
   234/299     11.1G   0.03011   0.01122         0   0.04132       130       640    0.8138    0.6889    0.7475    0.4784   0.03538   0.01662         0
   235/299     11.1G   0.03068   0.01134         0   0.04202       127       640    0.7428    0.5775     0.633    0.3658   0.04059   0.01369         0
   236/299     11.1G   0.03015   0.01215         0   0.04231       146       640    0.9459    0.7775    0.8108     0.501   0.03737  0.009059         0
   237/299     11.1G   0.03241   0.01159         0     0.044       149       640         1    0.5331      0.66    0.3989   0.04023   0.01185         0
   238/299     11.1G   0.03001   0.01183         0   0.04185       110       640    0.8529    0.6442     0.713    0.4004   0.04017   0.01214         0
   239/299     11.1G   0.03008   0.01144         0   0.04152       129       640    0.9474       0.8    0.8193    0.5287     0.035  0.007714         0
   240/299     11.1G   0.02685    0.0127         0   0.03955       160       640    0.9456    0.7778    0.8252    0.4745   0.03599  0.008523         0
   241/299     11.1G   0.02886   0.01069         0   0.03955       124       640    0.9024     0.822     0.835    0.5343   0.03346  0.007617         0
   242/299     11.1G    0.0288   0.01096         0   0.03977       127       640    0.8998       0.8    0.8194    0.4942    0.0345  0.008709         0
   243/299     11.1G   0.02767   0.01186         0   0.03954       160       640         1    0.7549     0.838    0.4865    0.0348  0.007792         0
   244/299     11.1G   0.02993   0.01123         0   0.04116       143       640    0.9459    0.7777     0.835    0.4752   0.03643   0.00774         0
   245/299     11.1G   0.02896   0.01167         0   0.04064       144       640    0.9996    0.7778    0.8432    0.5169   0.03368    0.0072         0
   246/299     11.1G   0.02772   0.01082         0   0.03854       115       640     0.923    0.7995    0.8461    0.4597    0.0376  0.007566         0
   247/299     11.1G   0.02915    0.0108         0   0.03995       128       640    0.8604    0.8222    0.8442    0.4611   0.03806  0.007662         0
   248/299     11.1G   0.02566   0.01092         0   0.03658       127       640         1    0.7778    0.8463    0.5026   0.03567  0.007366         0
   249/299     11.1G   0.02998    0.0114         0   0.04138       120       640    0.9729       0.8    0.8423    0.5125   0.03472  0.007163         0
   250/299     11.1G   0.02702   0.01144         0   0.03846       132       640    0.9721    0.7778     0.826    0.4991   0.03506  0.007257         0
   251/299     11.1G   0.03184   0.01133         0   0.04317       139       640    0.9714     0.755    0.8256    0.4712   0.03518  0.007721         0
   252/299     11.1G   0.02885   0.01084         0   0.03969       119       640    0.9474    0.7999    0.8363    0.5234   0.03383  0.007251         0
   253/299     11.1G   0.02674    0.0105         0   0.03724       126       640    0.9485    0.8222    0.8469    0.4697   0.03844  0.007495         0
   254/299     11.1G   0.02941   0.01039         0    0.0398       127       640    0.9716    0.7778    0.8467    0.5471    0.0332  0.007146         0
   255/299     11.1G   0.02718   0.01094         0   0.03812       129       640         1    0.7776    0.8423    0.5522   0.03335  0.007311         0
   256/299     11.1G   0.02805   0.01184         0   0.03989       153       640    0.9353    0.6444    0.6649    0.3705   0.04374    0.0102         0
   257/299     11.1G   0.02825   0.01137         0   0.03962       154       640    0.9996    0.7778     0.838    0.5384   0.03324  0.007274         0
   258/299     11.1G   0.03119    0.0117         0   0.04289       136       640    0.9722    0.7776     0.825    0.4979   0.03628  0.007415         0
   259/299     11.1G   0.02872   0.01072         0   0.03943       130       640    0.9999    0.7778    0.8425    0.5246   0.03424  0.007278         0
   260/299     11.1G   0.03022   0.01116         0   0.04137       127       640    0.9468       0.8    0.8321    0.5017   0.03669  0.007609         0
   261/299     11.1G   0.02923   0.01209         0   0.04132       131       640    0.9464       0.8    0.8378    0.4944   0.03638  0.007301         0
   262/299     11.1G     0.029   0.01082         0   0.03982       116       640    0.9473       0.8     0.813    0.4763   0.03749  0.007536         0
   263/299     11.1G   0.02959   0.01077         0   0.04036       137       640    0.9459    0.7777    0.8175    0.5021   0.03357  0.007476         0
   264/299     11.1G   0.02488   0.01071         0   0.03559       142       640    0.9726       0.8    0.8298    0.5238   0.03422  0.007426         0
   265/299     11.1G   0.02767   0.01072         0   0.03839       118       640    0.9729       0.8    0.8374    0.5316   0.03274   0.00708         0
   266/299     11.1G   0.02621   0.01137         0   0.03758       136       640    0.9474       0.8    0.8365    0.4726   0.03639  0.007571         0
   267/299     11.1G   0.02786   0.01182         0   0.03969       168       640    0.8998       0.8    0.8247    0.4883   0.03482  0.007775         0
   268/299     11.1G   0.02709   0.01082         0   0.03791       135       640     0.925    0.8444    0.8416    0.4938   0.03533  0.007482         0
   269/299     11.1G    0.0278   0.01087         0   0.03867       144       640     0.925     0.822     0.833    0.5543   0.03174  0.006861         0
   270/299     11.1G    0.0251   0.01194         0   0.03704       165       640    0.9248    0.8222    0.8359    0.5044   0.03512  0.007057         0
   271/299     11.1G   0.02764    0.0107         0   0.03834       134       640    0.9487    0.8221    0.8453    0.4491   0.03954  0.007464         0
   272/299     11.1G   0.02877   0.01043         0    0.0392       130       640     0.973    0.7998    0.8482    0.5401   0.03255  0.007196         0
   273/299     11.1G   0.02489   0.01018         0   0.03506       117       640    0.9474       0.8    0.8531    0.5364   0.03331  0.006731         0
   274/299     11.1G   0.02441   0.01092         0   0.03533       143       640    0.9473    0.7993    0.8521     0.546    0.0338  0.006824         0
   275/299     11.1G   0.02493   0.01034         0   0.03527       154       640    0.9486     0.821     0.852     0.533   0.03443  0.006822         0
   276/299     11.1G   0.02543   0.01106         0   0.03649       160       640     0.973    0.7999    0.8457    0.5243   0.03373  0.006994         0
   277/299     11.1G   0.02876   0.01077         0   0.03953       136       640    0.9487    0.8222    0.8458    0.5597     0.032  0.006899         0
   278/299     11.1G   0.02426     0.011         0   0.03526       136       640    0.9999    0.7556    0.8288    0.4538   0.03783  0.008301         0
   279/299     11.1G    0.0262      0.01         0    0.0362       135       640    0.8969    0.7778    0.7996    0.4685   0.03752  0.008614         0
   280/299     11.1G   0.02821    0.0105         0   0.03871       119       640    0.8718    0.7555    0.8052     0.499   0.03574  0.008708         0
   281/299     11.1G   0.02512   0.01106         0   0.03618       140       640    0.9412    0.7109    0.7882    0.4827   0.03626  0.008623         0
   282/299     11.1G   0.02442   0.01014         0   0.03456       147       640    0.9189    0.7555    0.7955    0.5155   0.03211  0.008278         0
   283/299     11.1G   0.02781   0.01086         0   0.03867       171       640    0.9697     0.711    0.8081    0.4281   0.03753  0.008578         0
   284/299     11.1G   0.02649  0.009668         0   0.03616       109       640    0.9222       0.8    0.8212    0.5247   0.03288  0.007468         0
   285/299     11.1G   0.02595   0.01059         0   0.03654       140       640     0.972    0.7778    0.8196    0.5316   0.03319  0.007535         0
   286/299     11.1G   0.02648    0.0111         0   0.03758       138       640    0.9994    0.7556    0.8142    0.5066   0.03441  0.008708         0
   287/299     11.1G   0.02554  0.009924         0   0.03547       113       640     0.947       0.8    0.8353    0.5206    0.0324  0.007843         0
   288/299     11.1G   0.02547   0.01064         0   0.03612       133       640    0.9471       0.8    0.8402    0.5315   0.03232  0.007618         0
   289/299     11.1G   0.02578   0.01172         0   0.03749       173       640    0.9168    0.7778    0.8068    0.5112   0.03246   0.01016         0
   290/299     11.1G   0.02854   0.01034         0   0.03888       135       640     0.973    0.7999    0.8278    0.5169     0.033  0.006944         0
   291/299     11.1G   0.02631   0.01019         0    0.0365       134       640    0.9487    0.8222    0.8498    0.4915   0.03425  0.006811         0
   292/299     11.1G   0.02624   0.01034         0   0.03658       128       640    0.9116    0.6889    0.7675    0.4486   0.03635  0.009258         0
   293/299     11.1G   0.02611   0.01093         0   0.03703       162       640    0.8888    0.7104     0.758    0.4294   0.03748  0.009513         0
   294/299     11.1G    0.0258   0.01042         0   0.03622       127       640    0.9044    0.8444    0.8531    0.5497     0.031  0.006627         0
   295/299     11.1G   0.02746   0.01025         0   0.03771       150       640    0.9473       0.8    0.8367     0.534   0.03191  0.007926         0
   296/299     11.1G   0.02405   0.01081         0   0.03485       126       640    0.6666    0.6665    0.6683    0.4284   0.03459   0.02171         0
   297/299     11.1G   0.02552  0.009848         0   0.03537       112       640    0.9729       0.8    0.8403    0.5175   0.03305  0.007116         0
   298/299     11.1G   0.02622  0.009808         0   0.03603       123       640    0.9989       0.8    0.8453    0.5547   0.03146  0.006661         0
   299/299     11.1G   0.02503  0.009238         0   0.03427       120       640    0.9728       0.8    0.8405    0.5556   0.03267  0.006498         0
